200 0010 0 0 ff
420 0000 -110 0 80
460 0010 -110 0 ff
490 0010 0 0 ff
530 0000 110 0 80
570 0010 110 0 ff
600 0010 0 0 ff
640 0000 -110 0 80
680 0010 -110 0 ff
710 0010 0 0 ff
750 0000 110 0 80
790 0010 110 0 ff
820 0010 0 0 ff
860 0000 -110 0 80
900 0010 -110 0 ff
930 0010 0 0 ff
970 0000 110 0 80
1010 0010 110 0 ff
1040 0010 0 0 ff
1080 0000 -110 0 80
1120 0010 -110 0 ff
1150 0010 0 0 ff
1190 0000 110 0 80
1230 0010 110 0 ff
1260 0010 0 0 ff
1300 0000 -110 0 80
1340 0010 -110 0 ff
1370 0010 0 0 ff
